-39.25041477528326,0.03364374263899461
-38.75171267193795,0.03364374263899461
-38.25381069816599,0.03364374263899461
-37.75665362330843,0.03364374263899461
-37.26049916633772,0.03364374263899461
-36.76466367633927,0.03364374263899461
-36.26863704094603,0.03364374263899461
-35.2750463533183,0.03364374263899461
-34.279914229491844,0.03364374263899461
-33.78578992257556,0.03364374263899461
-33.281645300489046,0.03364374263899461
-32.79085043949148,0.03364374263899461
-32.272488428979834,0.03364374263899461
-32.27576284963153,0.03364374263899461
-32.27905028433438,0.03364374263899461
-32.282316640621794,0.03364374263899461
-32.28553752290891,0.03364374263899461
-32.28869805435174,0.03364374263899461
-32.29179218088434,0.03364374263899461
-31.828429676492746,0.03364374263899461
-31.831278185878492,0.03364374263899461
-31.832885406485964,0.03364374263899461
-31.83343991962438,0.03364374263899461
-31.833161736523085,0.03364374263899461
-31.8322871163421,0.03364374263899461
-31.831053882309302,0.03364374263899461
-31.82968779232431,0.03364374263899461
-31.32687469598995,0.03364374263899461
-31.332331659139363,0.03364374263899461
-31.336859167643073,0.03364374263899461
-31.34046581622802,0.03364374263899461
-31.34319135355892,0.03364374263899461
-31.345106748605776,0.03364374263899461
-31.346312489940793,0.03364374263899461
-31.34693428002618,0.03364374263899461
-31.347115850758104,0.03364374263899461
-30.84283346856831,0.03364374263899461
-30.848201040368195,0.03364374263899461
-30.85280269875427,0.03364374263899461
-30.856564839615686,0.03364374263899461
-30.859441773685806,0.03364374263899461
-30.86142365776384,0.03364374263899461
-30.862541952002076,0.03364374263899461
-30.862870811862674,0.03364374263899461
-30.862523601930537,0.03364374263899461
-30.360224992569297,0.03364374263899461
-30.364606444720646,0.03364374263899461
-30.368213531192275,0.03364374263899461
-30.371012376958305,0.03364374263899461
-30.372985277794808,0.03364374263899461
-30.374138183491137,0.03364374263899461
-30.374506850549476,0.03364374263899461
-30.374159866553068,0.03364374263899461
-29.868474664578965,0.03364374263899461
-29.871639284219487,0.03364374263899461
-29.87403340221567,0.03364374263899461
-29.875671001002292,0.03364374263899461
-29.876573046881955,0.03364374263899461
-29.8767720765889,0.03364374263899461
-29.87631709926158,0.03364374263899461
-29.87527702413717,0.03364374263899461
-29.376901631696356,0.03364374263899461
-29.380074596514586,0.03364374263899461
-29.38238716060286,0.03364374263899461
-29.383841089076135,0.03364374263899461
-29.38445135381281,0.03364374263899461
-29.384250489661543,0.03364374263899461
-29.383293089799942,0.03364374263899461
-29.38165865476672,0.03364374263899461
-28.876599478503536,0.03364374263899461
-28.8789556195646,0.03364374263899461
-28.880513912013274,0.03364374263899461
-28.881294525421374,0.03364374263899461
-28.88132555828321,0.03364374263899461
-28.88064642295515,0.03364374263899461
-28.879312098743796,0.03364374263899461
-28.87739645914336,0.03364374263899461
-28.378322925258974,0.03364374263899461
-28.38044386972951,0.03364374263899461
-28.38178862476126,0.03364374263899461
-28.3823646889504,0.03364374263899461
-28.38218789588353,0.03364374263899461
-28.381286913219203,0.03364374263899461
-28.379708396512722,0.03364374263899461
-28.377520900706422,0.03364374263899461
-27.874594199723198,0.03364374263899461
-27.87601990271169,0.03364374263899461
-27.87673069895941,0.03364374263899461
-27.87675385693313,0.03364374263899461
-27.876120691598597,0.03364374263899461
-27.87487019295083,0.03364374263899461
-27.873053571306464,0.03364374263899461
-27.87073793150778,0.03364374263899461
-27.373500124761538,0.03364374263899461
-27.374819896255435,0.03364374263899461
-27.375404713780775,0.03364374263899461
-27.37526954473165,0.03364374263899461
-27.374437123630432,0.03364374263899461
-27.372942725450542,0.03364374263899461
-27.370839075913167,0.03364374263899461
-26.866954887475192,0.03364374263899461
-26.868497331633407,0.03364374263899461
-26.869330300519056,0.03364374263899461
-26.86947830539214,0.03364374263899461
-26.868968173955537,0.03364374263899461
-26.867831776788286,0.03364374263899461
-26.866110674282133,0.03364374263899461
-26.86386075875385,0.03364374263899461
-26.364345389821917,0.03364374263899461
-26.365542565886088,0.03364374263899461
-26.36603872970006,0.03364374263899461
-26.365854769803867,0.03364374263899461
-26.365014664083578,0.03364374263899461
-26.363549720409434,0.03364374263899461
-26.36150389905482,0.03364374263899461
-25.85834637046613,0.03364374263899461
-25.859680554236704,0.03364374263899461
-25.860329493575403,0.03364374263899461
-25.860324441649052,0.03364374263899461
-25.859695859670463,0.03364374263899461
-25.858475849807537,0.03364374263899461
-25.856702929951137,0.03364374263899461
-25.353541770965986,0.03364374263899461
-25.355198921320113,0.03364374263899461
-25.35614716305911,0.03364374263899461
-25.35641180271699,0.03364374263899461
-25.356018440210057,0.03364374263899461
-25.354994462270547,0.03364374263899461
-25.353373483565402,0.03364374263899461
-25.351200725821347,0.03364374263899461
-24.849700098384737,0.03364374263899461
-24.85079849241357,0.03364374263899461
-24.851224848623772,0.03364374263899461
-24.851009008328088,0.03364374263899461
-24.850179643059434,0.03364374263899461
-24.848767921032852,0.03364374263899461
-24.846812939103597,0.03364374263899461
-24.344812758721027,0.03364374263899461
-24.346031905699746,0.03364374263899461
-24.346569708554508,0.03364374263899461
-24.346456393462127,0.03364374263899461
-24.345720267647536,0.03364374263899461
-24.3443908555216,0.03364374263899461
-24.342504301736113,0.03364374263899461
-23.83984166458357,0.03364374263899461
-23.84116433358935,0.03364374263899461
-23.84180933214383,0.03364374263899461
-23.841809514554292,0.03364374263899461
-23.841194600644,0.03364374263899461
-23.839993724419035,0.03364374263899461
-23.838240677360822,0.03364374263899461
-23.334751239725072,0.03364374263899461
-23.336039920376976,0.03364374263899461
-23.336660458506444,0.03364374263899461
-23.33664885224088,0.03364374263899461
-23.336036614926222,0.03364374263899461
-23.33485303085919,0.03364374263899461
-23.333130381420737,0.03364374263899461
-22.830274746581196,0.03364374263899461
-22.831642080318233,0.03364374263899461
-22.832343513863723,0.03364374263899461
-22.832413802127768,0.03364374263899461
-22.83188309685204,0.03364374263899461
-22.830779247019507,0.03364374263899461
-22.829133090827195,0.03364374263899461
-22.32530753209544,0.03364374263899461
-22.32673420334757,0.03364374263899461
-22.32749044601743,0.03364374263899461
-22.327608826797594,0.03364374263899461
-22.327117972420027,0.03364374263899461
-22.326044975433543,0.03364374263899461
-22.32442070971712,0.03364374263899461
-21.82102857667233,0.03364374263899461
-21.82264014810755,0.03364374263899461
-21.823567330663934,0.03364374263899461
-21.823837402353167,0.03364374263899461
-21.823474959603363,0.03364374263899461
-21.82250446366319,0.03364374263899461
-21.820955645970987,0.03364374263899461
-21.315989704060826,0.03364374263899461
-21.317686851114477,0.03364374263899461
-21.31869078046016,0.03364374263899461
-21.31902948735917,0.03364374263899461
-21.318728760965897,0.03364374263899461
-21.31781432274177,0.03364374263899461
-21.31631698025357,0.03364374263899461
-20.811501963417633,0.03364374263899461
-20.813285324392254,0.03364374263899461
-20.814378911018355,0.03364374263899461
-20.814812407179296,0.03364374263899461
-20.814613012136697,0.03364374263899461
-20.813807152225305,0.03364374263899461
-20.812425454661618,0.03364374263899461
-20.306628345138243,0.03364374263899461
-20.30841731616547,0.03364374263899461
-20.3095280505836,0.03364374263899461
-20.309997059955233,0.03364374263899461
-20.309857620919956,0.03364374263899461
-20.309140802277618,0.03364374263899461
-20.307879997747786,0.03364374263899461
-19.80304770004329,0.033643967638995464
-19.804909011094487,0.033644217638995944
-19.80611797549839,0.03364446763899687
-19.80671550095973,0.033644717638997346
-19.80673768933221,0.03364496763899827
-19.806216797057836,0.03364521763899875
-19.80518582542854,0.03364546763899967
-19.300292249747955,0.03364571763900015
-19.302137896053978,0.03364596763900063
-19.3033670247739,0.03364621763900133
-19.30402892542822,0.03364646763900225
-19.304164854319204,0.03364671763900273
-19.30380980769469,0.033646967639003655
-18.797574268616387,0.033647217639004134
-18.800147743430415,0.03364746763900506
-18.802088796501796,0.03364771763900598
-18.803452116312275,0.03364796763900646
-18.804284675107798,0.03364821763900738
-18.804623485977565,0.03364846763900786
-18.804498480777646,0.03364871763900856
-18.298790355754562,0.033648967639009486
-18.30138286337985,0.033649217639009965
-18.30338086335623,0.033649467639010444
-18.304837572541114,0.03364971763901137
-18.305794929655736,0.03364996763901229
-18.30628387408988,0.03365021763901277
-17.799207287504224,0.03365046763901369
-17.802615474903405,0.03365071763901417
-17.80539060874968,0.033650967639015095
-17.80758058689808,0.033651217639015796
-17.809225134597735,0.033651467639016275
-17.810353081069664,0.0336517176390172
-17.8109859799221,0.03365196763901768
-17.303851777383294,0.0336522176390186
-17.30731215747473,0.03365246763901908
-17.310151680733945,0.03365271763902
-17.31241113638676,0.03365296763902048
-17.31412174400499,0.03365321763902096
-17.315305620725912,0.03365346763902188
-17.315980765318287,0.03365371763902281
-16.810312661518754,0.033653967639023286
-16.813855306456215,0.03365421763902399
-16.8167664687511,0.033654467639024466
-16.819078688000992,0.03365471763902539
-16.820816300516324,0.03365496763902631
-16.821997833381086,0.03365521763902679
-16.312894406784185,0.03365546763902727
-16.317080613184242,0.03365571763902819
-16.320589205436644,0.03365596763902867
-16.32345572550252,0.033656217639029595
-16.32571026192747,0.03365646763903052
-16.327375573064838,0.033656717639031
-16.32847113184395,0.0336569676390317
-15.820751003559959,0.03365721763903262
-15.82495311110534,0.0336574676390331
-15.828456662126953,0.033657717639034024
-15.831292142861471,0.0336579676390345
-15.833485049695751,0.033658217639035426
-15.835056030153796,0.03365846763903635
-15.836025287518337,0.03365871763903683
-15.328401645189999,0.03365896763903731
-15.33247733744372,0.03365921763903823
-15.335837784169543,0.03365946763903893
-15.338513660977258,0.03365971763903941
-15.340530640183667,0.033659967639040334
-15.341910457882804,0.03366021763904081
-15.342675817305588,0.033660467639041736
-14.836186925908383,0.03366071763904266
-14.84000792584018,0.03366096763904314
-14.843105096028077,0.03366121763904362
-14.845510143343521,0.03366146763904454
-14.847248917258566,0.03366171763904546
-14.84834391744655,0.03366196763904594
-14.848819517670986,0.03366221763904664
-14.343115668346194,0.03366246763904712
-14.346720527187236,0.033662717639048045
-14.349576548038137,0.03366296763904897
-14.351712687398827,0.03366321763904945
-14.353154079275692,0.03366346763905037
-14.353924664906785,0.03366371763905085
-14.3540529695378,0.03366396763905177
-13.848656190652033,0.033664217639052696
-13.851924038439291,0.0336644676390534
-13.854439390210594,0.033664717639053876
-13.856231083331204,0.033664967639054355
-13.857324433500722,0.03366521763905528
-13.857744355845693,0.0336654676390562
-13.857521163085895,0.03366571763905668
-13.352845905944422,0.033665967639057603
-13.3558101878688,0.03366621763905808
-13.358005570050228,0.033666467639059006
-13.359461019747098,0.03366671763905993
-13.360203422700025,0.03366696763906041
-13.36026059242127,0.03366721763906089
-13.359666955498648,0.03366746763906159
-12.855071090878557,0.03366771763906207
-12.8577145361844,0.03366796763906299
-12.85959464618104,0.03366821763906347
-12.860742186378168,0.03366846763906439
-12.861185611246535,0.033668717639065315
-12.86095448752756,0.033668967639065794
-12.860084583182292,0.03366921763906627
-12.35555536279913,0.033669467639067197
-12.357743610749079,0.033669717639067676
-12.3591992637308,0.0336699676390686
-12.359959751830102,0.0336702176390693
-12.360058037138655,0.03367046763906978
-12.359525788137352,0.03367071763907026
-12.358399136378194,0.03367096763907118
-11.85517204311818,0.033671217639072104
-11.85719342883693,0.03367146763907258
-11.85848810422192,0.033671717639073506
-11.859090675885353,0.033671967639073985
-11.859032443338245,0.03367221763907491
-11.858344798432496,0.03367246763907583
-11.350500231812296,0.03367271763907631
-11.353008308827926,0.03367296763907701
-11.354780965581469,0.033673217639077935
-11.35585768485973,0.033673467639078414
-11.356274327882131,0.03367371763907934
-11.356062597614628,0.033673967639079816
-11.355253091333164,0.03367421763908074
-10.848773757202215,0.03367446763908166
-10.851247963972344,0.03367471763908214
-10.85299409162441,0.03367496763908262
-10.854047558044508,0.03367521763908354
-10.854440602984536,0.0336754676390838
-10.85420199993766,0.033675717639084723
-10.853360935588443,0.03367596763908565
-10.345925678199194,0.033676217639086126
-10.348261374223176,0.033676467639086605
-10.349886605689528,0.03367671763908753
-10.350839728927022,0.03367696763908845
-10.351154953401867,0.03367721763908893
-10.350862132489011,0.03367746763908985
-10.349990713288594,0.03367771763909033
-9.843903346936616,0.03367796763909103
-9.846170209309312,0.03367821763909151
-9.847739365722349,0.03367846763909199
-9.848648972483586,0.033678717639092914
-9.848932385958825,0.03367896763909384
-9.848617891200517,0.03367921763909432
-9.84773357082636,0.03367946763909524
-9.34136324923395,0.03367971763909572
-9.343617098824286,0.03367996763909664
-9.345174949529135,0.033680217639097565
-9.346073728482233,0.033680467639098044
-9.346345717699002,0.03368071763909852
-9.34601926520923,0.033680967639099224
-9.345123317617935,0.03368121763910015
-8.839504288266639,0.033681467639100626
-8.841750315867397,0.03368171763910155
-8.84330622398775,0.03368196763910247
-8.844206675482798,0.03368221763910295
-8.84448147490633,0.033682467639103875
-8.844156931772329,0.033682717639104354
-8.843260841304176,0.03368296763910483
-8.337518477275154,0.033683217639105756
-8.3396223201526,0.03368346763910646
-8.34105234388827,0.033683717639106936
-8.341847733707219,0.03368396763910786
-8.342040906157711,0.03368421763910834
-8.34165979274017,0.03368446763910926
-8.340732912096467,0.033684717639110184
-7.836339588978842,0.03368496763911066
-7.838366446245454,0.03368521763911114
-7.839728503489157,0.033685467639112066
-7.840463599733142,0.03368571763911299
-7.84060300226066,0.03368596763911347
-7.840173977634633,0.03368621763911395
-7.332407384240632,0.03368646763911465
-7.335093702154049,0.03368671763911513
-7.337079959779622,0.03368696763911605
-7.3384061706425365,0.03368721763911653
-7.3391075606497695,0.03368746763911745
-7.339213347083242,0.033687717639118375
-7.338750165148945,0.033687967639118854
-6.831855581826746,0.03368821763911978
-6.834354119956596,0.033688467639120256
-6.836177403003304,0.03368871763912118
-6.837368157446744,0.03368896763912188
-6.837961566058304,0.03368921763912236
-6.837985758806425,0.03368946763912284
-6.837465977552459,0.03368971763912376
-6.3317265407207035,0.033689967639124685
-6.334095507302702,0.033690217639125164
-6.335799634820783,0.03369046763912609
-6.33688101911892,0.03369071763912701
-6.337373899215179,0.03369096763912749
-6.33730593569778,0.03369121763912841
-6.336703505379606,0.03369146763912889
-5.832015968630966,0.03369171763912937
-5.834297087531713,0.03369196763913007
-5.835923832463641,0.033692217639130995
-5.836933455883126,0.033692467639131474
-5.837355561699431,0.0336927176391324
-5.837214934606517,0.033692967639132876
-5.329832179146076,0.0336932176391338
-5.332693926079269,0.03369346763913472
-5.334868252793226,0.0336937176391352
-5.336396623061561,0.03369396763913568
-5.337313330444254,0.0336942176391366
-5.3376454868252,0.033694467639137304
-5.3374169096109165,0.03369471763913778
-4.8310393625199035,0.033694967639138707
-4.833640593142297,0.033695217639139186
-4.835578251488882,0.03369546763914011
-4.836895806432784,0.03369571763914059
-4.837627621821358,0.03369596763914151
-4.837800026971533,0.03369621763914199
-4.329665504089635,0.03369646763914291
-4.332767110429496,0.03369671763914339
-4.335173262738642,0.033696967639144315
-4.33693150225466,0.033697217639145016
-4.338082265897812,0.033697467639145495
-4.338656503698874,0.03369771763914642
-4.338678584285164,0.0336979676391469
-3.8316366216457602,0.033698217639147376
-3.834545036172446,0.0336984676391483
-3.836775953685761,0.03369871763914922
-3.838372613949205,0.0336989676391497
-3.839369299751085,0.033699217639150625
-3.8397919622990115,0.03369946763915155
-3.839662680682841,0.033699717639151805
-3.3340881580462454,0.03369996763915273
-3.33679202707583,0.03370021763915321
-3.338834311411936,0.03370046763915413
-3.340254181761533,0.03370071763915505
-3.341081416904795,0.03370096763915553
-3.341338648379094,0.03370121763915601
-2.8334073961287976,0.033701467639156935
-2.8364553396116774,0.03370171763915786
-2.8388248252159993,0.03370196763915834
-2.840563780763855,0.03370221763915926
-2.841710540694668,0.03370246763915952
-2.8422928897828372,0.03370271763916044
-2.842332123855419,0.03370296763916136
-2.33671615014496,0.03370321763916184
-2.3395940242765056,0.03370346763916232
-2.3417977987127605,0.033703717639163244
-2.3433677660486723,0.03370396763916417
-2.3443345201958365,0.033704217639164646
-2.3447211238254138,0.03370446763916557
-1.8361808799601098,0.03370471763916605
-1.8394212721069239,0.03370496763916675
-1.8419722484154606,0.03370521763916723
-1.8438796781354105,0.03370546763916815
-1.8451804065220314,0.03370571763916863
-1.845900908083537,0.033705967639169554
-1.846061110962292,0.03370621763917003
-1.3399205713164986,0.033706467639170956
-1.3428113625855898,0.03370671763917188
-1.3450339116236707,0.03370696763917236
-1.3466318926561036,0.03370721763917328
-1.3476380478816241,0.03370746763917376
-1.348075473820065,0.03370771763917446
-0.8398391903585999,0.033707967639175385
-0.8431202610192514,0.033708217639175864
-0.8457037578007047,0.03370846763917634
-0.8476360351178316,0.033708717639177266
-0.8489545892237774,0.03370896763917819
-0.8496860795169514,0.03370921763917867
-0.8498505477435224,0.03370946763917959
-0.34347466502929236,0.033709717639180514
-0.34640112414079877,0.03370996763918099
-0.3486534549277462,0.033710217639181694
-0.3502729491503349,0.03371046763918217
-0.35129017958857545,0.03371071763918265
-0.35172647736843743,0.033710967639183576
0.15659490409237198,0.0337112176391845
0.15332820227137053,0.03371146763918498
0.15076340782009526,0.03371171763918546
0.14885471487826046,0.03371196763918638
0.14756551401297038,0.03371221763918686
0.1468698303851307,0.03371246763918778
0.14674850803384465,0.03371271763918826
0.653243789036971,0.03371296763918874
0.6503673245090265,0.03371321763918966
0.6481709382335523,0.03371346763919014
0.6466131685904336,0.0337137176391904
0.6456630509585554,0.03371396763919132
0.6452991436593456,0.033714217639192245
1.1536809036734685,0.033714467639192724
1.1504846284264194,0.033714717639193204
1.147992760584459,0.03371496763919413
1.1461597726258241,0.033715217639194606
1.1449493357839648,0.03371546763919553
1.1443357153753286,0.03371571763919601
1.1442999156633011,0.03371596763919693
1.6509477214419805,0.03371621763919763
1.6481579544899188,0.03371646763919811
1.646047008960816,0.03371671763919859
1.6445736293261919,0.03371696763919951
1.6437072178818033,0.033717217639200436
1.6434263533423563,0.033717467639200915
2.1518872933814355,0.03371771763920184
2.148656070102206,0.03371796763920232
2.1461413893991748,0.03371821763920324
2.144302354560596,0.033718467639204164
2.143105680477932,0.03371871763920464
2.1425269160320073,0.033718967639205344
2.142547195443889,0.03371921763920627
2.6498674522563572,0.033719467639206746
2.646965983584761,0.033719717639207225
2.6447635891710193,0.03371996763920815
2.6432226809688055,0.03372021763920907
2.6423144185242196,0.03372046763920955
2.642017687967546,0.033720717639210473
2.642313742310216,0.03372096763921095
3.148181754356049,0.033721217639211876
3.145635531593406,0.03372146763921258
3.143773332799915,0.033721717639213056
3.142558678319065,0.03372196763921398
3.141964264169874,0.03372221763921446
3.1419691183973866,0.03372246763921538
3.6497667753394896,0.03372271763921586
3.646822657095575,0.03372296763921678
3.6445855772735083,0.03372321763921726
3.643014270825338,0.033723467639218185
3.642075726685493,0.033723717639218664
3.641745289683723,0.03372396763921959
3.6420026913074994,0.03372421763922029
4.1485266106828105,0.03372446763922077
4.145905785477414,0.03372471763922125
4.143972324454014,0.03372496763922217
4.142687841709916,0.03372521763922309
4.142022969946243,0.03372546763922357
4.141955500426577,0.033725717639224495
4.650360901449221,0.033725967639224974
4.6471918228907425,0.0337262176392259
4.644746549407995,0.03372646763922682
4.64298771494051,0.0337267176392273
4.641883713073205,0.03372696763922778
4.64141030596585,0.03372721763922848
4.64154700938276,0.0337274676392294
5.149436350131848,0.03372771763922988
5.146646122359363,0.033727967639230805
5.144555284078463,0.033728217639231284
5.143123376731503,0.03372846763923221
5.142318249912924,0.033728717639232686
5.142115545389364,0.03372896763923361
5.1424943776045415,0.03372921763923453
5.64804359820215,0.03372946763923501
5.645455210435515,0.03372971763923549
5.643563904313917,0.03372996763923619
5.642333439672862,0.033730217639237114
5.641735303199874,0.033730467639237594
5.641746601369391,0.03373071763923852
6.150644709337068,0.03373096763923944
6.1476786698681805,0.03373121763923992
6.145424971445672,0.03373146763924084
6.143840775933593,0.03373171763924132
6.142890154560022,0.033731967639242244
6.1425457135573165,0.033732217639242945
6.142784994527824,0.033732467639243424
6.649324167225365,0.0337327176392439
6.646550107390896,0.033732967639244826
6.644481796672463,0.03373321763924575
6.643080971221535,0.03373346763924623
6.642316800896995,0.03373371763924715
6.642165088471453,0.03373396763924763
6.642603875920138,0.033734217639248554
7.14889790443203,0.03373446763924903
7.146456894152675,0.03373471763924951
7.144696070677723,0.033734967639250435
7.143576457465741,0.033735217639251136
7.143067862274498,0.033735467639251615
7.143146634204168,0.033735717639252094
7.65066139250348,0.03373596763925302
7.647681968975495,0.03373621763925394
7.645421507056739,0.03373646763925442
7.643840170579953,0.03373671763925534
7.642904433773295,0.03373696763925582
7.642588319442145,0.033737217639256745
7.642869563322033,0.033737467639257224
8.150070713936243,0.03373771763925815
8.147427092786083,0.033737967639258404
8.14547891373613,0.03373821763925933
8.144184568955952,0.033738467639259806
8.14351095368392,0.03373871763926073
8.143432564907624,0.03373896763926165
8.143926991553498,0.03373921763926213
8.648906098049261,0.033739467639263054
8.646574387504321,0.03373971763926353
8.644918070379777,0.033739967639264457
8.643897567325684,0.033740217639264936
8.64348273296745,0.03374046763926564
8.643650225466642,0.033740717639266116
9.151051383732678,0.03374096763926704
9.148282461554206,0.03374121763926796
9.146218868151598,0.03374146763926844
9.14481706644494,0.033741717639269364
9.14404150823885,0.03374196763927029
9.143865282593481,0.033742217639270766
9.144265834554176,0.033742467639271245
9.650057338626347,0.03374271763927217
9.64758201795779,0.03374296763927309
9.645793043970897,0.03374321763927335
9.644650712306545,0.03374346763927427
9.644124541451784,0.03374371763927475
9.644191287724267,0.033743967639275674
10.152243865747216,0.03374421763927615
10.149481169774552,0.033744467639277076
10.147419513763197,0.033744717639278
10.146009910105768,0.03374496763927848
10.14521257344269,0.03374521763927896
10.144998460546818,0.03374546763927988
10.14534558793307,0.03374571763928058
10.651280629159588,0.03374596763928106
10.648891215562463,0.033746217639281983
10.647176175023196,0.03374646763928246
10.646090546996941,0.033746717639283386
10.64560003125229,0.03374696763928431
10.645679940152839,0.03374721763928479
11.153547852808327,0.03374746763928527
11.150788795848683,0.03374771763928619
11.148725771675597,0.03374796763928667
11.147311549155479,0.03374821763928759
11.146508167785022,0.03374846763928829
11.146288389459896,0.03374871763928877
11.14663176883589,0.03374896763928925
11.652875663495793,0.033749217639290174
11.650474817788382,0.0337494676392911
11.648743315822003,0.03374971763929158
11.647638757382238,0.0337499676392925
11.64712962100236,0.03375021763929298
11.647193816280936,0.0337504676392939
12.155155182244052,0.03375071763929438
12.152401138353888,0.033750967639295304
12.15034191980183,0.03375121763929578
12.148930803755347,0.033751467639296484
12.148130734159231,0.03375171763929696
12.147915255407574,0.033751967639297886
12.148264881503536,0.03375221763929881
12.654585321908463,0.03375246763929929
12.65217982771923,0.03375271763930021
12.650445455650194,0.03375296763930069
12.649340197190986,0.033753217639301614
12.648832803761165,0.03375346763930254
12.6489013499339,0.033753717639303016
13.156952472489426,0.033753967639303495
13.154189745226216,0.033754217639304196
13.152121731162056,0.03375446763930512
13.150702491698047,0.0337547176393056
13.149895412913686,0.03375496763930652
13.149674604862762,0.033755217639307444
13.150021058470509,0.03375546763930792
13.656375854243372,0.0337557176393084
13.653957778500247,0.033755967639309326
13.652210305333165,0.03375621763931025
13.651091717874888,0.03375646763931073
13.65057139243031,0.03375671763931143
13.650627837498954,0.03375696763931191
14.158705506099356,0.03375721763931283
14.155925559038776,0.03375746763931331
14.153839971841602,0.03375771763931423
14.152403198243361,0.033757967639315156
14.151578987471346,0.033758217639315635
14.151341762746375,0.033758467639316114
14.151672759529562,0.03375871763931704
14.658009625538172,0.03375896763931796
14.655568506047283,0.03375921763931844
14.653797528743482,0.03375946763931914
14.652655480973767,0.03375971763931962
14.652111878795818,0.03375996763932054
14.652145485073312,0.03376021763932102
15.160230782079495,0.033760467639321945
15.157425589969582,0.033760717639322424
15.155314142105071,0.03376096763932335
15.153851176613502,0.033761217639323826
15.153000514050978,0.03376146763932475
15.152736910526057,0.03376171763932567
15.1530417065554,0.03376196763932615
15.659251285238438,0.03376221763932641
15.656656560700222,0.03376246763932733
15.654749533200418,0.033762717639328255
15.653492784241493,0.033762967639328734
15.65285802135424,0.03376321763932966
15.652824650996278,0.033763467639330136
16.161588835021714,0.03376371763933106
16.158679351877556,0.03376396763933154
16.156471384809006,0.03376421763933246
16.15491962282624,0.03376446763933294
16.153987415566718,0.03376471763933386
16.153648632982502,0.03376496763933412
16.15388414081495,0.03376521763933504
16.66028990154881,0.033765467639335967
16.657749451046797,0.033765717639336446
16.655886273175806,0.033765967639336925
16.654656319452133,0.03376621763933785
16.654026074105015,0.03376646763933833
16.653972233676726,0.03376671763933925
17.162311902877853,0.03376696763934017
17.159248032576897,0.03376721763934065
17.156898950537364,0.03376746763934135
17.155222864349305,0.03376771763934183
17.154185035849096,0.033767967639342755
17.153759806423025,0.03376821763934368
17.15392729789956,0.03376846763934416
17.66110193403465,0.033768717639344636
17.658429580041332,0.03376896763934556
17.656435768053257,0.03376921763934648
17.655078402948877,0.03376946763934696
17.654325679226723,0.033769717639347885
17.654155501516605,0.03376996763934881
17.654550280391692,0.033770217639349065
18.159472867956048,0.033770467639349544
18.15703777416406,0.03377071763935047
18.15527809830583,0.033770967639350946
18.154156602850787,0.03377121763935187
18.153645411486554,0.03377146763935279
18.15372376773252,0.03377171763935327
18.661139145316426,0.033771967639354195
18.658358609127397,0.033772217639354674
18.65626385023844,0.0337724676393556
18.654811268809475,0.033772717639356076
18.653967043014145,0.03377296763935678
18.653707206215923,0.033773217639357256
18.654012918761335,0.03377346763935818
19.159163238928553,0.0337737176393591
19.1566145078936,0.03377396763935958
19.15474347136039,0.033774217639360504
19.153512497391958,0.03377446763936098
19.15289351562527,0.033774717639361906
19.152865682750242,0.033774967639362385
19.66060753777154,0.03377521763936331
19.65772240616002,0.03377546763936379
19.655526256750917,0.03377571763936449
19.653974584306955,0.03377596763936497
19.653032354887976,0.03377621763936589
19.65267452335131,0.033776467639366814
19.65288221394988,0.03377671763936729
20.158270611968515,0.03377696763936777
20.155621280958172,0.033777217639368695
20.1536530743502,0.033777467639369174
20.152327569360622,0.0337777176393701
20.151615825234614,0.03377796763937102
20.15149654778879,0.0337782176393715
20.659527475267154,0.03377846763937198
20.65641380026101,0.03377871763937268
20.654008993597017,0.0337789676393736
20.652272832443117,0.03377921763937408
20.65117165220437,0.033779467639375005
20.650680631405198,0.033779717639375484
20.650779988631832,0.03377996763937641
21.15714730869949,0.033780217639376886
21.154336785380337,0.03378046763937781
21.152218466179058,0.03378071763937829
21.150752774480893,0.03378096763937921
21.149909202910507,0.03378121763937947
21.149665237592504,0.03378146763938039
21.65819214601058,0.033781717639381315
21.65507942640566,0.033781967639381794
21.65267480601794,0.03378221763938227
21.65092971698751,0.033782467639383196
21.64980366024221,0.033782717639383675
21.64926691603847,0.0337829676393846
21.649297692132965,0.03378321763938552
22.155611507313957,0.033783467639386
22.15273550306563,0.03378371763938692
22.15055598225847,0.03378396763938718
22.149031805446036,0.0337842176393881
22.148130440243428,0.03378446763938858
22.147827958424468,0.033784717639389505
22.148104241324248,0.033784967639389984
22.6535415214293,0.03378521763939091
22.65092881849035,0.03378546763939183
22.648996078159218,0.03378571763939231
22.64770730225951,0.03378596763939323
22.64703555929651,0.03378621763939371
22.646960337322046,0.03378646763939419
23.154365177246742,0.03378671763939489
23.151358813791504,0.033786967639395815
23.14906002931587,0.033787217639396294
23.147426929492894,0.03378746763939722
23.146425790327754,0.03378771763939814
23.14603187496746,0.03378796763939862
23.146225280607215,0.03378821763939954
23.65228709512247,0.033788467639400466
23.649718715480248,0.033788717639400945
23.64782715962695,0.033788967639401424
23.64656886232621,0.033789217639402125
23.645910667165577,0.03378946763940305
23.64582867152739,0.03378971763940353
24.153237849335927,0.03378996763940445
24.150207745776516,0.03379021763940493
24.147891615952805,0.03379046763940585
24.146245990231385,0.03379071763940633
24.14523505091596,0.033790967639407254
24.144832208052655,0.03379121763940818
24.1450163380036,0.03379146763940866
24.651566463253378,0.033791717639409136
24.648831140785358,0.03379196763940984
24.646791888252146,0.03379221763941076
24.645409924860942,0.03379246763941124
24.644655253014566,0.03379271763941216
24.644505709226408,0.03379296763941264
25.153026474351194,0.033793217639413564
25.150036895738598,0.03379346763941404
25.14775692639403,0.033793717639414966
25.14613802102869,0.033793967639415445
25.14514026006927,0.03379421763941637
25.144734482332172,0.03379446763941685
25.144899532679073,0.03379471763941755
25.651336632836585,0.03379496763941803
25.648618350840476,0.03379521763941895
25.646603550212497,0.03379546763941943
25.645249697691085,0.03379571763942035
25.64452299228849,0.03379596763942083
25.644398292140966,0.033796217639421755
25.644854251719025,0.03379646763942268
26.150421684781673,0.03379671763942316
26.148108739567572,0.033796967639423636
26.146461777586886,0.03379721763942456
26.14544118077212,0.03379746763942526
26.145017922881085,0.03379771763942574
26.14517101958937,0.03379796763942666
26.652044707818774,0.03379821763942714
26.64930851147537,0.03379846763942762
26.647276407400607,0.033798717639428544
26.645905617893273,0.03379896763942947
26.645162380173385,0.033799217639429946
26.645021830062372,0.03379946763943087
26.645463751136443,0.03379971763943135
27.1514021052182,0.03379996763943227
27.14907394811363,0.03380021763943275
27.147416505776572,0.03380046763943345
27.14638860797825,0.03380071763943393
27.145959629244118,0.033800967639434853
27.146107486558222,0.03380121763943533
27.65333454168282,0.033801467639436256
27.65056626661991,0.03380171763943718
27.648506175842993,0.03380196763943766
27.647111106160093,0.03380221763943858
27.64634619116052,0.033802467639439504
27.64618582036682,0.03380271763943998
27.646609579539525,0.03380296763944024
28.152930298847487,0.03380321763944116
28.15056388075786,0.03380346763944164
28.148871120969027,0.033803717639442565
28.147809661895643,0.03380396763944349
28.14734796023459,0.03380421763944397
28.147463295729047,0.03380446763944489
28.655059535988364,0.03380471763944537
28.652238005578152,0.03380496763944629
28.650126849156727,0.03380521763944677
28.648682397870047,0.033805467639447695
28.647868894283274,0.03380571763944795
28.64766002539747,0.033805967639448875
28.648035251205794,0.033806217639449354
29.154709204885652,0.03380646763945028
29.152276805929652,0.0338067176394512
29.150520566849103,0.03380696763945168
29.149397333655944,0.03380721763945216
29.14887432404084,0.03380746763945308
29.148928149567098,0.033807717639454005
29.656888970151265,0.033807967639454484
29.65398187686677,0.033808217639455185
29.651787015784766,0.033808467639455664
29.650260423704598,0.03380871763945614
29.64936541476207,0.033808967639457066
29.649075202198905,0.03380921763945799
29.649369128126434,0.03380946763945847
30.1564114961596,0.03380971763945939
30.15388233282062,0.033809967639460314
30.15203173159336,0.03381021763946079
30.150815745883666,0.03381046763946127
30.150200587459445,0.033810717639462196
30.1501621918713,0.033810967639462675
30.15068116971018,0.033811217639463376
30.65545797048004,0.0338114676394643
30.653151574657997,0.03381171763946478
30.651515248012156,0.0338119676394657
30.650511729708526,0.033812217639466624
30.650113376283425,0.0338124676394671
30.650299344444463,0.033812717639468026
31.157714541865374,0.033812967639468505
31.155063231274944,0.03381321763946943
31.153093288225424,0.03381346763946991
31.15176011218015,0.03381371763947061
31.15102881927987,0.03381396763947109
31.150874851409625,0.03381421763947201
31.151278798686754,0.033814467639472934
31.656391986665387,0.03381471763947341
31.65395395738053,0.033814967639474336
31.652188548766627,0.03381521763947526
31.651057838585558,0.03381546763947574
31.65053349492815,0.03381571763947666
31.65059443334315,0.03381596763947714
32.158389289154115,0.03381621763947762
32.155601949466245,0.03381646763947832
32.1534997870021,0.033816717639479243
32.15203767993563,0.03381696763947972
32.151179996246924,0.033817217639480646
32.150901302843295,0.033817467639481125
32.15118207993375,0.03381771763948205
32.65663143360406,0.03381796763948253
32.65405672476334,0.03381821763948345
32.65215833187571,0.03381846763948393
32.65089770932592,0.03381871763948485
32.650245644690045,0.03381896763948533
32.65018092102055,0.03381921763948603
33.15836447595027,0.03381946763948651
33.155444288697296,0.033819717639487434
33.15321430006284,0.03381996763948791
33.151628893358975,0.033820217639488837
33.15065146358796,0.033820467639489316
33.15025573263981,0.03382071763949024
33.15042189850162,0.03382096763949116
33.65621176553407,0.03382121763949164
33.653511823702864,0.03382146763949212
33.65149324781218,0.03382171763949304
33.650116858931426,0.03382196763949352
33.64935278865108,0.03382221763949422
33.64917916284473,0.033822467639495146
34.15774368544328,0.033822717639495625
34.15457375898617,0.033822967639496104
34.15211536095042,0.03382321763949703
34.1503269013705,0.03382346763949795
34.14917370626554,0.03382371763949843
34.148629797575026,0.03382396763949935
34.14867509368136,0.033824217639500276
34.655502383368045,0.033824467639500755
34.65262924952225,0.033824717639501456
34.65045150926629,0.033824967639501935
34.648928921368096,0.033825217639502414
34.648029990704,0.03382546763950334
34.64773162148683,0.03382571763950426
34.64801419623797,0.03382596763950474
35.153543463630896,0.03382621763950566
35.150961817891314,0.03382646763950614
35.149063284911804,0.03382671763950662
35.147809257768884,0.033826967639507544
35.14717030246481,0.033827217639508245
35.14712389037001,0.033827467639508724
35.65464136250675,0.03382771763950965
35.65163342392151,0.033827967639510126
35.6493344833274,0.03382821763951105
35.64770226912073,0.03382846763951153
35.6467025022558,0.03382871763951245
35.646309560977684,0.03382896763951293
35.64650287762319,0.03382921763951385
36.15269448518593,0.03382946763951433
36.14998987066471,0.033829717639515255
36.14797716745587,0.033829967639515734
36.14661618855749,0.033830217639516436
36.145875856169525,0.033830467639516915
36.145732871711765,0.03383071763951784
36.65399167599401,0.03383096763951876
36.65086671680464,0.03383121763951924
36.64846052102607,0.03383146763952016
36.64672961949114,0.03383171763952064
36.645637472329966,0.033831967639521565
36.645156704841156,0.03383221763952249
36.645265837653525,0.03383246763952297
37.15211535350544,0.033832717639523446
37.14930053031098,0.03383296763952415
37.147186970200025,0.033833217639524626
37.14573288634419,0.03383346763952555
37.144905212701396,0.03383371763952647
37.14467917066046,0.03383396763952695
37.14503394625854,0.03383421763952743
37.65045916877787,0.033834467639528354
37.64795308013176,0.03383471763952928
37.64613100412684,0.033834967639529756
37.64495434715995,0.03383521763953068
37.644393762934314,0.03383546763953138
37.644426818606426,0.03383571763953186
38.151972296294964,0.03383596763953278
38.14905569488185,0.03383621763953326
38.14684901444612,0.033836467639534185
38.14530936167089,0.033836717639534664
38.14440173371578,0.03383696763953559
38.14410007479514,0.033837217639536066
38.14438318302932,0.03383746763953699
38.650542206047675,0.03383771763953747
38.64794239836745,0.03383796763953839
38.64603507774048,0.03383821763953887
38.64477978622014,0.03383846763953957
38.64414517539589,0.03383871763954005
38.64410751038727,0.03383896763954097
39.15238165156826,0.03383921763954145
39.1493678463611,0.033839467639542375
39.14707273932074,0.0338397176395433
39.14545218816167,0.03383996763954378
39.14446923001266,0.0338402176395447
39.14409613889778,0.033840467639545624
39.14431117067645,0.0338407176395461
39.65121406967034,0.033840967639546804
39.64851997474341,0.03384121763954728
39.64652631677133,0.03384146763954776
39.64519121519948,0.033841717639548685
39.64448131512634,0.03384196763954961
39.64437172083937,0.03384221763955009
39.64484116970797,0.03384246763955101
40.150279996819805,0.03384271763955149
40.14788947086874,0.03384296763955197
40.1461804398655,0.03384321763955289
40.14511402609182,0.033843467639553815
40.144660664307764,0.03384371763955407
40.144795803629805,0.033843967639554995
40.65242352558292,0.033844217639555474
40.64961853726752,0.03384446763955595
40.64752114879274,0.033844717639556876
40.64608769821406,0.0338449676395578
40.64528265521947,0.03384521763955828
40.64507949052913,0.0338454676395592
40.645456591683015,0.033845717639560124
41.1515570750208,0.033845967639560604
41.14903930744695,0.03384621763956153
41.147208021351055,0.03384646763956223
41.14602285682195,0.03384671763956271
41.1454524657851,0.033846967639563186
41.14547335601884,0.03384721763956411
41.6537363328696,0.03384746763956459
41.65077856594268,0.03384771763956551
41.64853388298601,0.033847967639566434
41.646958093730646,0.03384821763956691
41.646014250489834,0.03384846763956739
41.64567471594065,0.033848717639568315
41.64591774841271,0.033848967639568794
42.152615347901246,0.033849217639569495
42.14994169525558,0.03384946763957042
42.14796408762454,0.0338497176395709
42.14664115233039,0.03384996763957138
42.14594035350022,0.0338502176395723
42.14583771141309,0.03385046763957278
42.14631295210085,0.0338507176395737
42.651707684296525,0.033850967639574625
42.64935039567108,0.033851217639575104
42.64767801843132,0.03385146763957603
42.64665273757585,0.03385171763957673
42.646245848648846,0.03385196763957721
42.64643560634807,0.03385221763957813
43.15408528187342,0.033852467639579054
43.15137716283947,0.03385271763957953
43.1493874870967,0.033852967639580456
43.14807349283176,0.03385321763958138
43.14740030912938,0.03385346763958186
43.14734182264588,0.03385371763958278
43.14787642305037,0.03385396763958326
43.6546581913033,0.03385421763958396
43.65248857197205,0.03385446763958444
43.651002162310505,0.03385471763958536
43.65015322531111,0.03385496763958584
43.649906350110925,0.033855217639586765
43.65023513712347,0.033855467639587244
44.15854693247466,0.03385571763958817
44.15593491434941,0.03385596763958865
44.15402947551205,0.03385621763958957
44.152783340651965,0.03385646763959005
44.15215713426911,0.03385671763959097
44.15212053842009,0.03385696763959145
44.15264899184859,0.03385721763959215
44.660008635918636,0.03385746763959263
44.65765867150077,0.033857717639593554
44.6559566958613,0.03385796763959403
44.65485810617592,0.033858217639594956
44.654329071873384,0.033858467639595435
44.65434557205544,0.03385871763959636
45.16238406932693,0.03385896763959684
45.159366704518696,0.03385921763959776
45.15703185771837,0.03385946763959824
45.15533698131867,0.03385971763959916
45.15424740820803,0.03385996763959964
45.153738415039854,0.03386021763960034
45.153791916755644,0.03386046763960082
45.66050039158286,0.033860717639601745
45.657610941881956,0.033860967639602224
45.65540600946129,0.03386121763960315
45.653848448940415,0.03386146763960407
45.65290984286858,0.03386171763960455
45.65256948135962,0.03386196763960547
45.65280954817384,0.033862217639606396
46.15809585760859,0.033862467639606875
46.15552687244073,0.033862717639607576
46.153634936539206,0.0338629676396085
46.15238213246851,0.03386321763960898
46.151739474802184,0.0338634676396099
46.151684586710694,0.033863717639610824
46.659207875813635,0.0338639676396113
46.65621864856991,0.033864217639612226
46.65392785898708,0.03386446763961315
46.65229133320277,0.03386471763961363
46.651272728195444,0.03386496763961433
46.65084456111641,0.03386521763961525
46.6509843135746,0.03386546763961573
47.15677579766983,0.033865717639616655
47.1539864930674,0.03386596763961758
47.151871656731906,0.03386621763961806
47.15039198419411,0.03386646763961898
47.14951776401253,0.03386671763961946
47.149227011936496,0.03386696763961994
47.657181896832235,0.03386721763962086
47.653925719225086,0.03386746763962156
47.65137919699882,0.03386771763962204
47.64949915575865,0.033867967639622965
47.64824949850019,0.033868217639623444
47.64760328590131,0.03386846763962392
47.647539524474496,0.033868717639624846
48.154010696589154,0.03386896763962577
48.1510633225484,0.03386921763962625
48.148812464426726,0.03386946763962717
48.14721672089628,0.03386971763962765
48.14624322437258,0.03386996763962813
48.14586739395948,0.03387021763962905
48.14606814571559,0.03387046763962975
48.65130952003803,0.03387071763963023
48.648662622346336,0.033870967639631155
48.64669487882349,0.033871217639631634
48.64536708429194,0.033871467639632113
48.64464954796441,0.03387171763963304
48.644519311144336,0.03387196763963396
49.15203988485196,0.03387221763963444
49.14910439299212,0.03387246763963536
49.14686032536318,0.03387271763963584
49.14525955485904,0.03387296763963632
49.14426333508564,0.03387321763963724
49.14384323892578,0.033873467639637944
49.14397707819093,0.03387371763963842
49.64920736666263,0.033873967639639346
49.64647879714506,0.033874217639639825
49.64442800234865,0.033874467639640304
49.64301396018908,0.03387471763964123
49.64220507028777,0.03387496763964215
49.641977466259846,0.03387521763964263
50.15006062217819,0.03387546763964355
50.146962467660614,0.03387571763964403
50.14455091957473,0.03387596763964451
50.14277899104417,0.03387621763964521
50.14160877591378,0.033876467639646135
50.14101326800802,0.033876717639646614
50.14097201782392,0.03387696763964754
50.646574146486174,0.033877217639648016
50.64377963636145,0.033877467639648495
50.64164392710757,0.03387771763964942
50.64012341781575,0.03387796763965034
50.639185687499506,0.03387821763965082
50.638808133079486,0.033878467639651744
51.14646136416873,0.03387871763965222
51.1431259331094,0.0338789676396527
51.140492966324715,0.0338792176396534
51.13852094692063,0.033879467639654326
51.13717601365685,0.033879717639654805
51.13643338169795,0.03387996763965573
51.13627362808631,0.03388021763965621
51.64279951400274,0.03388046763965713
51.63973359434399,0.03388071763965805
51.63735550418388,0.03388096763965853
51.63562795136098,0.033881217639659456
51.63452235937695,0.03388146763966016
51.63401829916007,0.033881717639660636
51.63409757104029,0.03388196763966156
52.13940584695513,0.03388221763966248
52.136667073950036,0.03388246763966296
52.13460525728017,0.033882717639663884
52.13318355214355,0.03388296763966481
52.13237434776937,0.033883217639665286
52.132156462047284,0.03388346763966621
52.63949233068577,0.03388371763966691
52.63634380918285,0.03388396763966739
52.633901785347554,0.03388421763966831
52.6321244940903,0.03388446763966879
52.63097831969775,0.033884717639669715
52.630438123939314,0.033884967639670194
52.63048281873757,0.03388521763967112
53.13652595082728,0.033885467639671596
53.1336819078175,0.03388571763967252
53.131526907751834,0.033885967639673
53.1300222131325,0.03388621763967392
53.12913796657129,0.0338864676396744
53.12885185006521,0.0338867176396751
53.63697933183972,0.03388696763967558
53.63385467672949,0.0338872176396765
53.63143139422497,0.03388746763967698
53.629661689127985,0.033887717639677906
53.62850677234081,0.033887967639678385
53.627938336805435,0.03388821763967931
53.627934829037514,0.03388846763967979
54.13392284860533,0.03388871763968071
54.13104198353861,0.03388896763968119
54.128853028309365,0.03388921763968211
54.12731497489241,0.03388946763968259
54.126395888149716,0.03388971763968329
54.126071729183025,0.03388996763968377
54.63455485187736,0.033890217639684694
54.63134453456116,0.03389046763968517
54.62883549198821,0.033890717639686097
54.62698098653728,0.033890967639686576
54.62574282305316,0.0338912176396875
54.62509311350904,0.03389146763968798
54.625011349592995,0.0338917176396889
55.131139767347534,0.03389196763968938
55.12817241581132,0.0338922176396903
55.12589692087994,0.033892467639691004
55.124272143038795,0.03389271763969148
55.12326617938985,0.033892967639692406
55.12285565792828,0.03389321763969333
55.631529169221004,0.03389346763969381
55.62824272188983,0.03389371763969473
55.62566465778295,0.033893967639695655
55.62374850660906,0.033894217639696134
55.62245565383786,0.03389446763969706
55.62175808830682,0.033894717639697536
55.621635449293564,0.03389496763969824
56.12796099412582,0.03389521763969916
56.124967468857704,0.03389546763969964
56.12267674812673,0.03389571763970012
56.12104851741019,0.03389596763970104
56.1200514666399,0.03389621763970152
56.11966288309968,0.03389646763970244
56.119864307903114,0.033896717639703366
56.62577142198827,0.033896967639703846
56.623167790355225,0.033897217639704325
56.62126208188187,0.03389746763970525
56.620018143964394,0.033897717639705505
56.61940860170879,0.03389796763970643
56.619412460744385,0.03389821763970735
57.127301258328,0.03389846763970783
57.12442455912495,0.03389871763970831
57.12227110954332,0.03389896763970923
57.12079875502477,0.03389921763970971
57.11997298781781,0.033899467639710634
57.119767963642715,0.03389971763971156
57.1201623866782,0.033899967639712036
57.62739905768971,0.03390021763971274
57.6249447207931,0.03390046763971366
57.6231924336057,0.03390071763971414
57.62210026570827,0.03390096763971506
57.621635126284225,0.033901217639715986
57.62177142947641,0.033901467639716465
58.13060793126758,0.03390171763971739
58.127735182004685,0.03390196763971787
58.125582389045384,0.033902217639718346
58.12410597279437,0.03390246763971927
58.12326955417274,0.03390271763972019
58.123046013690335,0.03390296763972045
58.12341423889975,0.03390321763972137
58.63134748981206,0.03390346763972185
58.62893359010067,0.03390371763972233
58.62721353040377,0.033903967639723254
58.62614239276488,0.03390421763972418
58.62568509281486,0.033904467639724656
58.62581629181322,0.03390471763972558
58.62651548862571,0.03390496763972606
59.13190643461029,0.03390521763972698
59.12982252577093,0.03390546763972768
59.12842749094228,0.03390571763972816
59.12768268724049,0.033905967639729084
59.12755860581666,0.03390621763972956
59.12803203393097,0.033906467639730486
59.63689371436283,0.033906717639730966
59.634573877404605,0.03390696763973189
59.63295052683378,0.03390721763973237
59.63197722736221,0.03390746763973329
59.631617120541684,0.03390771763973377
59.63184317655346,0.03390796763973469
59.63263365748898,0.03390821763973517
60.138799048324685,0.03390846763973587
60.136750288204574,0.03390871763973635
60.13538562161299,0.033908967639737275
60.134665115563294,0.033909217639737754
60.13455889970467,0.03390946763973868
60.135044380709985,0.033909717639739156
60.64449765263268,0.03390996763974008
60.64215802803169,0.033910217639741
60.640516183069934,0.03391046763974148
60.63952514841935,0.033910717639742405
60.639147149931986,0.033910967639743106
60.639354446283704,0.033911217639743585
60.64012500938069,0.033911467639744064
61.14694216936817,0.03391171763974499
61.14496349943879,0.033911967639745466
61.143649133639116,0.03391221763974639
61.142956225475814,0.03391246763974731
61.142852962230414,0.03391271763974779
61.14331669700636,0.03391296763974827
61.65262780936959,0.033913217639749194
61.65027461234053,0.03391346763974967
61.64861478003115,0.033913717639750596
61.64760222757777,0.0339139676397513
61.64720055130002,0.033914217639751776
61.64738344176488,0.0339144676397527
61.64813075312931,0.03391471763975318
62.155389966218685,0.0339149676397541
62.153289094520005,0.03391521763975458
62.1518796325013,0.0339154676397555
62.15112538660535,0.03391571763975598
62.15099909111489,0.033915967639756905
62.151480446358384,0.033916217639757384
62.6620271024124,0.03391646763975831
62.6597133535145,0.033916717639758565
62.65811300338657,0.03391696763975949
62.657179734013496,0.03391721763975997
62.65687569342853,0.03391746763976089
62.65717287228883,0.03391771763976181
62.65804930737808,0.03391796763976229
63.16642928807525,0.033918217639763215
63.16456030034628,0.03391846763976414
63.16337168968058,0.03391871763976462
63.16281678839761,0.033918967639765096
63.162859496740154,0.03391921763976602
63.16347260057249,0.03391946763976672
63.67400384109438,0.0339197176397672
63.67169621123943,0.03391996763976812
63.670076333206644,0.0339202176397686
63.66909391424219,0.03392046763976908
63.66870728720359,0.033920717639770004
63.6688850379095,0.03392096763977093
63.66960241496444,0.033921217639771406
64.17738888978619,0.03392146763977233
64.17514949545368,0.03392171763977325
64.17354240473118,0.03392196763977351
64.17252487032502,0.03392221763977443
64.17206528834313,0.03392246763977491
64.17214166876559,0.033922717639775835
64.68103103001144,0.03392296763977676
64.67797707351922,0.03392321763977724
64.67559199232515,0.033923467639777716
64.67383570726625,0.03392371763977864
64.67267643793551,0.03392396763977912
64.67209257810278,0.03392421763978004
64.67206836286377,0.033924467639780964
65.17877852116462,0.03392471763978122
65.17577577861891,0.033924967639782144
65.17346087236774,0.03392521763978262
65.1718014627349,0.033925467639783546
65.17077377757974,0.033925717639784025
65.17036140562209,0.03392596763978495
65.17054978765174,0.03392621763978543
65.6756953850978,0.03392646763978635
65.67309348367687,0.03392671763978683
65.67119086053675,0.03392696763978775
65.6699526085129,0.03392721763978823
65.66935225925859,0.03392746763978893
65.66936885880307,0.033927717639789856
66.17770311219707,0.033927967639790335
66.17500952525205,0.03392821763979126
66.17302619016908,0.03392846763979218
66.17170205048168,0.03392871763979266
66.17099490039698,0.033928967639793584
66.17087255173162,0.03392921763979406
66.1713081955023,0.03392946763979454
66.67648592437459,0.033929717639795465
66.67394339817064,0.033929967639796166
66.67206778889683,0.033930217639796645
66.670819822666,0.03393046763979757
66.67016976483123,0.03393071763979805
66.67009511881426,0.03393096763979897
67.17870062656834,0.03393121763979945
67.17574494261339,0.03393146763980037
67.1734673526698,0.03393171763980085
67.1718206018098,0.033931967639801774
67.17076697426897,0.033932217639802253
67.17027912771361,0.03393246763980318
67.17033590721576,0.033932717639803656
67.67477289662637,0.03393296763980436
67.67185837526421,0.033933217639804836
67.66960143277095,0.03393346763980576
67.66796364797531,0.03393371763980668
67.66691638636847,0.03393396763980716
67.66643937792969,0.03393421763980764
68.17443452930415,0.03393446763980856
68.17105401178344,0.03393471763980904
68.16835003573074,0.033934967639809965
68.16627757261314,0.03393521763981089
68.16480078273284,0.03393546763981137
68.16389428240512,0.033935717639811624
68.16353923844426,0.03393596763981255
68.66734351776421,0.03393621763981303
68.6640561385536,0.03393646763981395
68.66144258395755,0.03393671763981487
68.65946446957022,0.03393696763981535
68.6580926874972,0.033937217639816275
68.6573060523566,0.033937467639816754
69.16455261630323,0.03393771763981723
69.16085546869314,0.033937967639818156
69.15784692439087,0.03393821763981908
69.15548043503485,0.033938467639819336
69.15371803206416,0.03393871763982026
69.15253212153519,0.03393896763982118
69.15190257960529,0.03393921763982166
69.65559548588516,0.033939467639822585
69.65206761934192,0.033939717639823064
69.64922021924662,0.03393996763982399
69.64701182839194,0.033940217639824466
69.64541054498451,0.03394046763982539
69.6443933572202,0.03394071763982587
70.15093011420959,0.03394096763982657
70.14698126454769,0.03394121763982749
70.14372785281495,0.03394146763982797
70.14112438666285,0.03394171763982845
70.13913385701072,0.033941967639829373
70.13773039134493,0.03394221763982985
70.13689615626134,0.033942467639830776
70.64100215618885,0.0339427176398317
70.63732670117338,0.03394296763983218
70.63434975203087,0.0339432176398331
70.63203203299497,0.033943467639834024
70.63034391105326,0.03394371763983428
70.62926490468796,0.033943967639835204
70.62877918538018,0.03394421763983568
71.1325500597749,0.033944467639836606
71.12939724644121,0.033944717639837085
71.12692808721391,0.03394496763983801
71.12510524312302,0.03394521763983849
71.12390220071364,0.03394546763983941
71.12330065425716,0.033945717639840334
71.62901465220412,0.03394596763984081
71.62565226572889,0.03394621763984129
71.62301862698776,0.03394646763984199
71.62107434029025,0.033946717639842916
71.61978854219284,0.033946967639843395
71.61913928618839,0.03394721763984432
71.61910891877464,0.0339474676398448
72.12503853988295,0.03394771763984572
72.1222657220569,0.03394796763984664
72.12021086243922,0.03394821763984712
72.11883664977961,0.0339484676398476
72.1181144592267,0.033948717639848525
72.11802224174733,0.033948967639849004
72.62664297299656,0.033949217639849705
72.62370236611503,0.03394946763985063
72.62149609677206,0.03394971763985111
72.6199811731506,0.03394996763985203
72.61912195392073,0.03395021763985295
72.61889154162182,0.03395046763985343
72.61926805904244,0.033950717639854355
73.12687569515396,0.033950967639854834
73.12436842954673,0.03395121763985576
73.12256744534247,0.033951467639856237
73.12143012568472,0.03395171763985694
73.12092228864132,0.03395196763985742
73.12101771589973,0.03395221763985834
73.63086322048554,0.03395246763985926
73.6280508352296,0.03395271763985974
73.62594461819063,0.03395296763986022
73.6244950782743,0.033953217639861144
73.62366065526257,0.03395346763986207
73.62341042823016,0.033953717639862546
73.6237211133307,0.03395396763986347
74.13087252306002,0.03395421763986395
74.12821024069832,0.03395446763986465
74.12623727245612,0.03395471763986513
74.12491091411772,0.03395496763986605
74.12419723718986,0.03395521763986653
74.12407097463826,0.033955467639867454
74.12451078532715,0.03395571763986793
74.63054177851208,0.033955967639868856
74.62812358447206,0.033956217639869335
74.6263566055332,0.03395646763987026
74.62520130745469,0.03395671763987074
74.62462855741244,0.03395696763987166
74.62461724416661,0.03395721763987236
75.13120122947117,0.03395746763987284
75.12834679764202,0.03395771763987332
75.1261691499576,0.03395796763987424
75.12462116941285,0.03395821763987472
75.12366590208217,0.033958467639875645
75.12327697033629,0.03395871763987657
75.12343390673044,0.03395896763987705
75.62806701319832,0.03395921763987797
75.62540624739847,0.03395946763987845
75.62339863862508,0.03395971763987893
75.62200369433306,0.03395996763987985
75.6211917921149,0.03396021763988055
75.62094176355288,0.03396046763988103
76.12692485071602,0.033960717639881954
76.1238398315019,0.03396096763988243
76.12143216582032,0.033961217639883357
76.11965683657584,0.033961467639883836
76.11847957633749,0.03396171763988476
76.11787657008333,0.03396196763988568
76.11782991672527,0.03396221763988616
76.62193984181928,0.033962467639887084
76.61914397991374,0.03396271763988734
76.61700579619472,0.033962967639888264
76.61548592196561,0.03396321763988919
76.61455629279254,0.033963467639889666
76.61419761302656,0.03396371763989059
77.12014821962674,0.03396396763989107
77.11701406611094,0.03396421763989199
77.1145639898152,0.03396446763989247
77.11275444120491,0.033964717639893394
77.11155242434299,0.03396496763989387
77.11093560086192,0.033965217639894796
77.110887489671,0.0339654676398955
77.61529760299993,0.033965717639895976
77.61244921163262,0.033965967639896455
77.61028644597711,0.03396621763989738
77.60877448042348,0.0339664676398983
77.60788842402576,0.03396671763989878
77.60761027930138,0.0339669676398997
78.11490089333395,0.03396721763990018
78.11184451022305,0.033967467639901106
78.10948713906501,0.03396771763990203
78.1077865339063,0.033967967639902286
78.10671021893683,0.033968217639902765
78.10623599558718,0.03396846763990369
78.106347439992,0.03396871763990461
78.61194501080737,0.03396896763990509
78.609298467358,0.03396921763990601
78.60735362845125,0.03396946763990649
78.60607246893534,0.033969717639907415
78.60542615664606,0.033969967639907894
78.60539327980271,0.03397021763990882
79.11364493677338,0.033970467639909296
79.11065705536711,0.03397071763991
79.10839673711521,0.03397096763991092
79.10682406471808,0.0339712176399114
79.1059061387582,0.03397146763991232
79.1056188564739,0.0339717176399128
79.10594258132926,0.03397196763991328
79.61339361583374,0.033972217639914204
79.6109845110135,0.03397246763991513
79.60926998129995,0.033972717639915606
79.60820553035327,0.03397296763991653
79.60775696231758,0.03397321763991701
79.60789955417935,0.03397346763991771
80.11636654785475,0.03397371763991819
80.11353435541996,0.03397396763991911
80.11143065433932,0.03397421763991959
80.11001052535778,0.033974467639920514
80.10923615367273,0.03397471763992144
80.10907905134025,0.033974967639921916
80.10951692037983,0.033975217639922395
80.6176700136919,0.03397546763992332
80.61527974048154,0.0339757176399238
80.61357887804705,0.03397596763992472
80.61252337905876,0.03397621763992542
80.61207908598075,0.0339764676399259
80.61222178565508,0.03397671763992682
81.12112176235843,0.0339769676399273
81.11839198408717,0.033977217639928226
81.11637054352971,0.033977467639928705
81.1150093576363,0.03397771763992963
81.11426886405363,0.03397796763993011
81.11412075920795,0.03397821763993103
81.11454510043329,0.03397846763993195
81.62239924552522,0.03397871763993243
81.6200542666241,0.03397896763993313
81.61840478152473,0.033979217639934056
81.61740817175716,0.033979467639934535
81.61703198274681,0.033979717639935014
81.61725363229975,0.03397996763993594
82.12685800759628,0.03398021763993686
82.12429620134988,0.03398046763993734
82.1224705502278,0.03398071763993826
82.12133736910793,0.03398096763993874
82.12086091396853,0.033981217639939665
82.12101575718823,0.033981467639940366
82.12178425310184,0.033981717639940845
82.63101924947108,0.033981967639941324
82.62918367380088,0.03398221763994225
82.62808652443805,0.03398246763994317
82.62768364565795,0.03398271763994365
82.62794005029463,0.03398296763994457
82.62882966395192,0.03398321763994505
83.14107032344401,0.033983467639945975
83.13937767353863,0.0339837176399469
83.13842656255039,0.03398396763994738
83.13815951661913,0.033984217639947856
83.13852697298249,0.03398446763994856
83.13949036527413,0.03398471763994948
83.14101938760186,0.03398496763994996
83.65154247112108,0.03398521763995088
83.65033307033104,0.03398546763995136
83.64976437179146,0.033985717639952284
83.64977867868666,0.03398596763995321
83.65033028876249,0.033986217639953686
83.65138484046074,0.033986467639954165
84.16265608960599,0.03398671763995509
84.1606434370213,0.03398696763995579
84.15922744034353,0.03398721763995627
84.15835489682112,0.03398746763995719
84.15798481795244,0.03398771763995767
84.15808986570573,0.033987967639958594
84.1586523781141,0.03398821763995907
84.66506223822513,0.033988467639959996
84.66240625059505,0.033988717639960475
84.6603552034494,0.0339889676399614
84.65888280042736,0.03398921763996232
84.65797339380846,0.0339894676399628
84.65761967650165,0.03398971763996306
85.16619402743251,0.03398996763996398
85.16282663406615,0.03399021763996446
85.16016251934055,0.03399046763996538
85.15817313734806,0.033990717639966306
85.15683706342126,0.033990967639966785
85.15614070726507,0.03399121763996771
85.15607379486296,0.03399146763996819
85.66301028859927,0.03399171763996911
85.66019735665161,0.03399196763996959
85.65811779502684,0.03399221763997029
85.65673355330473,0.03399246763997077
85.65601410859958,0.03399271763997169
85.6559356440914,0.033992967639972616
86.16619387434645,0.033993217639973095
86.16329841998629,0.033993467639973574
86.16113853359232,0.0339937176399745
86.1596626399341,0.033993967639974976
86.15882656020145,0.0339942176399759
86.15859599238433,0.03399446763997682
86.15894418875556,0.0339947176399773
86.66655318878324,0.033994967639978
86.66391096847474,0.03399521763997848
86.66197326860889,0.033995467639979404
86.66069803445203,0.03399571763997988
86.6600518791174,0.033995967639980806
86.66000997631726,0.03399621763998173
86.66055115205543,0.03399646763998221
87.16747492635353,0.03399671763998313
87.16521432763588,0.03399696763998361
87.16362523381264,0.033997217639984534
87.16266717486324,0.033997467639985235
87.1623102005998,0.033997717639985714
87.16253237953718,0.03399796763998619
87.67036595413184,0.033998217639987116
87.66778437266126,0.03399846763998804
87.66589350843319,0.03399871763998852
87.66464630758793,0.03399896763998944
87.66400617009529,0.03399921763998992
87.66394677380649,0.033999467639990844
87.6644476642901,0.03399971763999177
88.17087403285595,0.033999967639992246
88.16859433539116,0.034000217639992725
88.16697844466576,0.034000467639993426
88.16598510347463,0.03400071763999435
88.16558356285293,0.03400096763999483
88.16575120368682,0.03400121763999575
88.67360180874329,0.03400146763999623
88.67091014909707,0.03400171763999715
88.66889767212389,0.03400196763999763
88.66751948891255,0.034002217639998555
88.66674055786858,0.034002467639999034
88.666535867965,0.03400271763999996
88.66688578083406,0.03400296764000066
89.17282898640937,0.03400321764000114
89.17037889039534,0.03400346764000206
89.16857878433028,0.03400371764000254
89.16738740833725,0.03400396764000302
89.16677464093557,0.03400421764000394
89.16671861319686,0.034004467640004865
89.67384142635568,0.034004717640005344
89.6708982490252,0.03400496764000627
89.66862539622181,0.034005217640006746
89.66697791324891,0.03400546764000767
89.66592086365256,0.03400571764000815
89.66542957408056,0.03400596764000885
89.66548501885524,0.03400621764000933
90.17037633545421,0.03400646764001025
90.16761048926462,0.034006717640011175
90.1654918111031,0.034006967640011654
90.16398049819814,0.03400721764001258
90.1630477822871,0.034007467640013056
90.16267347517152,0.03400771764001398
90.6688364685328,0.03400796764001446
90.66559517661766,0.03400821764001538
90.66302867027393,0.03400846764001608
90.661093120452,0.03400871764001656
90.65975482965474,0.034008967640017485
90.65899089876189,0.034009217640017964
90.65878403641804,0.03400946764001889
91.16295205231887,0.03400971764001981
91.15997975224879,0.03400996764002029
91.15766572556788,0.03401021764002077
91.15597144141937,0.03401046764002169
91.1548695385087,0.034010717640022614
91.15434126875164,0.03401096764002309
91.66025146138892,0.034011217640023794
91.65692413558966,0.03401146764002427
91.6542833165675,0.034011717640025196
91.65228608983483,0.03401196764002612
91.65089988604375,0.0340122176400266
91.65010258367967,0.03401246764002708
91.64987772108294,0.034012717640028
92.1541546926344,0.034012967640028924
92.15110263149819,0.0340132176400294
92.14873757632814,0.034013467640030326
92.14702475569172,0.034013717640030805
92.14593869814357,0.034013967640031506
92.14546122992817,0.034014217640031985
92.65248454725113,0.03401446764003291
92.6492030285371,0.03401471764003339
92.6466219653147,0.03401496764003431
92.6446983463733,0.034015217640035234
92.64339883045498,0.03401546764003571
92.6427003218314,0.034015717640036636
92.64258552629738,0.034015967640037115
93.14752700207328,0.034016217640037594
93.14459488048888,0.03401646764003852
93.14236026628859,0.03401671764003922
93.14078505688677,0.0340169676400397
93.13984056251518,0.03401721764004062
93.13950569257273,0.0340174676400411
93.64725727056532,0.03401771764004202
93.64408131675721,0.0340179676400425
93.64161329257995,0.034018217640043424
93.63980862461231,0.0340184676400439
93.63863175976125,0.03401871764004483
93.63805725145889,0.034018967640045306
93.6380663245033,0.03401921764004601
94.14365485614796,0.034019467640046486
94.14081703400046,0.03401971764004741
94.13867671463315,0.03401996764004833
94.13719472350219,0.03402021764004881
94.13634123358283,0.034020467640049734
94.13609444390698,0.03402071764005021
94.64442189505904,0.034020967640051136
94.64118511136196,0.03402121764005206
94.63867188915353,0.03402146764005254
94.63684130364882,0.03402171764005302
94.63565918725314,0.03402196764005372
94.63510021781208,0.03402221764005464
94.6351445416082,0.03402246764005512
95.14179516576009,0.034022717640056044
95.13891335845794,0.03402296764005652
95.1367357635064,0.034023217640057446
95.13522196393077,0.03402346764005837
95.13434035964929,0.03402371764005885
95.13406764156052,0.03402396764005933
95.13438436088767,0.03402421764006025
95.63982078796148,0.03402446764006095
95.63739042569972,0.03402471764006143
95.63563118655331,0.034024967640062354
95.63450112319218,0.03402521764006283
95.63396899621576,0.03402546764006331
95.63401192901426,0.034025717640064235
96.14036325121579,0.03402596764006516
96.13745144674006,0.03402621764006564
96.13524304392185,0.03402646764006656
96.13369606683337,0.03402671764006704
96.13277695754714,0.03402696764006752
96.13246111570874,0.03402721764006844
96.13272843580866,0.03402746764006914
96.63862154033173,0.03402771764006962
96.63611781184737,0.034027967640070544
96.63428489378614,0.03402821764007102
96.6330815789871,0.03402846764007195
96.63247723961594,0.034028717640072426
96.63244966928855,0.03402896764007335
97.13885846342575,0.03402921764007383
97.13588314743602,0.03402946764007475
97.13361262527093,0.034029717640075674
97.1320045803065,0.03402996764007615
97.13102520395066,0.034030217640076854
97.13065007423579,0.03403046764007778
97.1308600069286,0.034030717640078256
97.63718390088414,0.034030967640078735
97.63463731238379,0.03403121764007966
97.63277051364139,0.03403146764008058
97.6315408297771,0.03403171764008106
97.63091582448394,0.034031967640081984
97.63087206963165,0.03403221764008246
98.13759894338503,0.034032467640083386
98.13472029578269,0.03403271764008409
98.13253834954637,0.034032967640084566
98.13100599187744,0.03403321764008549
98.13008573743518,0.03403346764008597
98.12975115794656,0.03403371764008689
98.12998285667663,0.03403396764008737
98.6362487963823,0.03403421764008829
98.63375575616897,0.03403446764008877
98.63194053373044,0.034034717640089696
98.63075935192215,0.034034967640090175
98.63017905121785,0.0340352176400911
98.63017578855579,0.03403546764009158
99.13726370694452,0.03403571764009228
99.1344056709364,0.0340359676400932
99.13223983775859,0.03403621764009368
99.13072078670601,0.03403646764009416
99.12981298148232,0.03403671764009508
99.1294915209347,0.03403696764009556
99.12973830834122,0.034037217640096484
99.63620124618294,0.03403746764009741
99.63371233195898,0.034037717640097886
99.63189632149857,0.03403796764009881
99.63070993507593,0.03403821764009907
99.63012068660605,0.03403846764009999
99.6301055144589,0.03403871764010047
100.13743879395086,0.03403896764010139
100.13455732798137,0.03403921764010187
100.13236742020187,0.034039467640102794
100.13082354707103,0.03403971764010372
100.1298896431409,0.034039967640104196
100.12954041082438,0.03404021764010512
100.129757359919,0.03404046764010604
100.63625298010196,0.03404071764010652
100.63381499794961,0.03404096764010678
100.6320283505801,0.0340412176401077
100.63082873973438,0.034041467640108625
100.63020186397121,0.034041717640109104
100.6301252326217,0.03404196764011003
101.13695518177786,0.034042217640110506
101.13405152804758,0.03404246764011143
101.13183322628042,0.03404271764011235
101.13025599428154,0.03404296764011283
101.12928568309631,0.034043217640113754
101.12889909941639,0.034043467640114455
101.12907970123132,0.034043717640114934
101.63533152205889,0.03404396764011541
101.63276800929103,0.03404421764011634
101.63088076416516,0.03404446764011726
101.62963344759987,0.03404471764011774
101.62900062474088,0.03404496764011866
101.62896556518002,0.03404521764011914
102.13704319261255,0.034045467640120064
102.1343039932805,0.03404571764012054
102.13228903151848,0.034045967640121466
102.13095723511442,0.03404621764012172
102.13027699295606,0.034046467640122646
102.13022729138497,0.03404671764012357
102.13079276445453,0.03404696764012405
102.63868874857215,0.03404721764012497
102.63680952873344,0.03404746764012545
102.63564021796088,0.034047717640126374
102.63513657269101,0.03404796764012685
102.63526566426096,0.034048217640127776
102.63600386465923,0.034048467640128255
103.14628299941027,0.034048717640128734
103.14449996053115,0.034048967640129435
103.14343239175217,0.03404921764013036
103.14302578484461,0.03404946764013084
103.14323594920116,0.03404971764013176
103.14402947789536,0.03404996764013224
103.6564735488538,0.03405021764013316
103.654424404825,0.034050467640134086
103.65304734398269,0.034050717640134565
103.65228355831297,0.03405096764013549
103.65208379640254,0.03405121764013641
103.65241106511141,0.03405146764013667
103.65323826166836,0.03405171764013715
104.16262079556658,0.03405196764013807
104.16033577263286,0.03405221764013899
104.15864577273447,0.03405246764013947
104.15750853136618,0.034052717640140395
104.15689385278151,0.034052967640140874
104.156782585635,0.03405321764014135
104.66594486555806,0.034053467640142276
104.66251307937027,0.0340537176401432
104.65972671384235,0.03405396764014368
104.65755621120084,0.03405421764014438
104.65598044413663,0.03405446764014486
104.6549882638923,0.03405471764014534
104.65457448873187,0.03405496764014626
105.16187310496746,0.034055217640147184
105.15856277231241,0.03405546764014766
105.15596716210558,0.034055717640148586
105.15405787871362,0.034055967640149065
105.15281419444884,0.034056217640149544
105.15222207050542,0.03405646764015047
105.15226941339596,0.03405671764015139
105.65824706588309,0.03405696764015187
105.65558869053835,0.03405721764015257
105.65366297854716,0.034057467640153494
105.65243289632109,0.03405771764015397
105.65186900857366,0.03405796764015445
105.65194727146464,0.034058217640155375
106.1613674517685,0.0340584676401563
106.15855530689201,0.03405871764015678
106.15648476499625,0.0340589676401577
106.15511047687053,0.03405921764015862
106.15439389343324,0.0340594676401591
106.15430466868136,0.0340597176401598
106.15481695887368,0.03405996764016028
106.66210930336396,0.034060217640161206
106.6596464649489,0.03406046764016213
106.65788671435176,0.03406071764016261
106.65678989328704,0.03406096764016353
106.65632477888416,0.03406121764016401
106.65646763243919,0.03406146764016493
107.16646754602574,0.03406171764016541
107.16375925656791,0.034061967640166335
107.16177049109353,0.034062217640167036
107.16045192080993,0.034062467640167515
107.159762563834,0.034062717640167994
107.15967194946224,0.03406296764016892
107.16015688493044,0.034063217640169396
107.66732517180263,0.03406346764017032
107.66489000504939,0.03406371764017124
107.66315548735858,0.03406396764017172
107.66207998702757,0.0340642176401722
107.6616306049058,0.034064467640173124
107.66178264105598,0.0340647176401736
108.17228936791125,0.034064967640174526
108.16953493269814,0.03406521764017478
108.16749204341731,0.034065467640175706
108.166112798371,0.034065717640176185
108.16535689892596,0.03406596764017711
108.165194228004,0.03406621764017759
108.16560177417134,0.034066467640178066
108.67286577024358,0.03406671764017899
108.67031008921367,0.03406696764017991
108.66844771655383,0.03406721764018039
108.66723607640425,0.034067467640181315
108.66664126315604,0.034067717640181794
108.66663787320955,0.03406796764018227
108.66720422375069,0.034068217640182974
109.17394226263343,0.0340684676401839
109.17167876142972,0.034068717640184376
109.1700724698437,0.0340689676401853
109.16908092070409,0.03406921764018578
109.16867182436886,0.0340694676401867
109.16882090690984,0.03406971764018718
109.67550979652734,0.034069967640188104
109.67275054089463,0.03407021764018858
109.67066343578634,0.034070467640189506
109.66920082195986,0.03407071764019021
109.6683252960592,0.034070967640190686
109.66801008189641,0.03407121764019161
110.1766834353596,0.03407146764019209
110.17350872545303,0.03407171764019301
110.17101896270105,0.03407196764019349
110.16915934889926,0.03407221764019441
110.16788420439022,0.03407246764019489
110.16716042230226,0.034072717640195815
110.16696506836301,0.03407296764019674
110.67202925697643,0.03407321764019722
110.66896740064084,0.03407346764019792
110.66656950375776,0.0340737176401984
110.66479082842295,0.03407396764019932
110.66359796778447,0.0340742176401998
110.6629680298237,0.03407446764020072
111.17053760336975,0.0340747176402012
111.16710892159742,0.034074967640202125
111.16435908619118,0.03407521764020305
111.16223763835004,0.03407546764020353
111.16070449693837,0.03407571764020445
111.15973241260194,0.03407596764020515
111.15930369901703,0.03407621764020563
111.66392564463511,0.03407646764020611
111.6607480118207,0.03407671764020703
111.65823931547561,0.03407696764020751
111.65635761170238,0.034077217640208435
111.65507239390035,0.03407746764020936
111.6543635790503,0.03407771764020984
112.16172468713918,0.03407796764021076
112.15829255692162,0.03407821764021168
112.15554411969158,0.03407846764021216
112.15343139687963,0.03407871764021264
112.15191696885036,0.03407896764021334
112.15097615681793,0.034079217640214265
112.15059275518468,0.034079467640214745
112.65559600267399,0.03407971764021567
112.65251347313168,0.03407996764021659
112.65010295670216,0.03408021764021707
112.64832456115472,0.03408046764021755
112.64714962864387,0.03408071764021847
112.6465591650334,0.03408096764021895
113.1541810690252,0.034081217640219874
113.15076813400307,0.034081467640220575
113.14805418038894,0.034081717640221054
113.14599678183097,0.03408196764022198
113.14456276165467,0.034082217640222456
113.14372935137082,0.034082467640222935
113.14348012305757,0.03408271764022386
113.64947259584707,0.03408296764022478
113.64648544398018,0.03408321764022526
113.64417518912188,0.034083467640226184
113.64250240523643,0.03408371764022711
113.64143833126168,0.034083967640227586
113.64096373317115,0.03408421764022784
114.14893245076702,0.034084467640228766
114.14563917613866,0.03408471764022969
114.14304854903746,0.03408496764023017
114.14111594389036,0.03408521764023109
114.139805834597,0.034085467640232014
114.13909317465905,0.034085717640232494
114.13895952720746,0.03408596764023342
114.6451061810586,0.034086217640233896
114.64206205286783,0.034086467640234375
114.6397114337403,0.0340867176402353
114.63801813739357,0.034086967640236
114.63695500308584,0.03408721764023648
114.63650237934738,0.0340874676402374
115.14536948480514,0.034087717640238324
115.14203799437541,0.0340879676402388
115.13941289824032,0.03408821764023928
115.13744954858333,0.034088467640240205
115.1361118411252,0.034088717640240684
115.13537390544316,0.03408896764024161
115.13521707026511,0.03408921764024209
115.64139850527626,0.03408946764024279
115.63831928073022,0.03408971764024327
115.63593921687287,0.03408996764024419
115.6342191041729,0.03409021764024467
115.63312874500859,0.03409046764024559
115.63264615379678,0.034090717640246515
116.14167682560658,0.034090967640246994
116.13827705246449,0.03409121764024792
116.135592111678,0.03409146764024884
116.13357637859752,0.03409171764024932
116.13219186667973,0.0340919676402498
116.13141095402064,0.0340922176402505
116.13121338542359,0.03409246764025098
116.63748181503331,0.0340927176402519
116.63435315707635,0.034092967640252825
116.63192994704328,0.034093217640253304
116.6301721496572,0.03409346764025423
116.62904861285504,0.03409371764025515
116.62853662791584,0.03409396764025563
116.62861754218274,0.03409421764025611
117.13433712589656,0.03409446764025703
